31012000000000066
31012000000000064
31012000000000065
31012000000000067
31012000000000068
31012000000000069
31012000000000002
31012000000000001
31012000000000005
31012000000000006
31012000000000007
31012000000000008
31012000000000009
31012000000000011
31012000000000012
31012000000097055
31012000000000015
31012000000000019
31012000000000021
31012000000000022
31012000000000023
31012000000000024
31012000000000025
31012000000000026
31012000000000027
31012000000000030
31012000000000032
31012000000000033
31012000000000035
31012000000000036
31012000000000038
31012000000000013
31012000000000014
31012000000000016
31012000000000018
31012000000000028
31012000000000029
31012000000000031
31012000000000034
31012000000000037
31012000000000039
31012000000000040
31012000000000041
31012000000000042
31012000000000043
31012000000000044
31012000000000017
31012000000000045
31012000000000046
31012000000000047
31012000000000003
31012000000000004
31012000000000010
31012000000000020
31012000000000048
31012000000000049
31012000000000050
31012000000000051
31012000000000052
31012000000000053
31012000000000054
31012000000000055
31012000000000056
31012000000000057
31012000000000058
31012000000000059
31012000000000060
31012000000000061
31012000000000062
31012000000000063
