31012000000010
31012000000013
31012000000064
31012000000004
31012000000063
31012000000008
31012000000024
31012000000046
31012000000005
31012000000069
31012000000027
31012000000058
31012000000018
31012000000034
31012000000006
31012000000036
31012000000057
31012000000068
31012000000020
31012000000043
31012000000042
31012000000016
31012000000060
31012000000025
31012000000037
31012000000029
31012000000040
31012000000065
31012000000048
31012000000061
31012000000021
31012000000067
31012000000038
31012000000015
31012000000062
31012000000053
31012000000041
31012000000022
31012000000030
31012000000050
31012000000011
31012000000028
31012000000055
31012000000049
31012000000033
31012000000026
31012000000035
31012000000054
31012000000051
31012000000056
31012000000009
31012000000007
31012000000052
31012000000039
31012000000032
31012000000019
31012000000059
31012000000047
31012000000012
31012000000066
31012000000001
31012000000045
31012000000044
31012000000002
31012000000014
31012000000031
31012000000023
31012000000017
31012000000070
31012000000003
