31011700000000160
31011700000000167
31011700000000179
31011700000000180
31011700000000181
31011700000000182
31011700000000183
31011700000000184
31011700000000083
31011700000000186
31011700000000188
31011700000000190
31011700000000103
31011700000000145
31011700000000146
31011700000000148
31011700000000150
31011700000000151
31011700000000152
31011700000000153
31011700000000192
31011700000000193
31011700000000194
31011700000000195
31011700000000197
31011700000000198
31011700000000196
31011700000000201
31011700000000200
31011700000000033
